link_id,100s_interval,link_speed
0.0,0.0,11.318586666666667
0.0,100.0,15.387062499999999
0.0,200.0,12.72905588235294
0.0,300.0,8.858252941176472
0.0,400.0,11.502589285714285
0.0,500.0,14.384835483870967
0.0,600.0,11.600126470588235
0.0,700.0,25.2255
1.0,0.0,30.18351875
1.0,100.0,27.303932432432433
1.0,200.0,27.92845217391304
1.0,300.0,28.192910714285716
1.0,400.0,34.06592272727273
1.0,500.0,27.18920588235294
1.0,600.0,30.392031818181817
1.0,700.0,28.565935416666665
3.0,300.0,4.62025
4.0,0.0,21.148938095238094
4.0,100.0,25.37613796296296
4.0,200.0,28.388773015873017
4.0,300.0,28.226290845070423
4.0,400.0,26.38089338235294
4.0,500.0,29.66071
4.0,600.0,22.21794457142857
4.0,700.0,22.080907086614175
6.0,0.0,25.6278
6.0,100.0,20.683799999999998
6.0,200.0,20.991275
6.0,700.0,12.498725
7.0,0.0,7.789783257918551
7.0,100.0,8.141113803680982
7.0,200.0,15.823736585365854
7.0,300.0,8.509555612244899
7.0,400.0,12.446509777777777
7.0,500.0,4.193992291220557
7.0,600.0,5.678155702917771
7.0,700.0,5.487491235059761
8.0,0.0,37.69708571428571
8.0,100.0,36.3228
8.0,200.0,29.926579310344827
8.0,300.0,35.7566
8.0,400.0,37.31319230769231
8.0,500.0,30.15602857142857
8.0,600.0,30.660575
8.0,700.0,31.159388888888888
9.0,100.0,9.521317647058824
9.0,200.0,15.127185714285714
9.0,300.0,3.026604761904762
9.0,500.0,15.889249999999999
9.0,700.0,18.5025
10.0,200.0,5.6371
10.0,500.0,10.59305
10.0,600.0,5.4208
10.0,700.0,6.3168
13.0,0.0,32.1567
13.0,100.0,19.611496296296295
13.0,200.0,13.954177419354838
13.0,300.0,9.80435
13.0,400.0,5.634798245614035
13.0,500.0,9.491282857142858
13.0,600.0,31.920708333333334
13.0,700.0,15.720279166666666
14.0,0.0,25.100593548387096
14.0,100.0,7.217314285714286
14.0,200.0,0.0
14.0,300.0,17.5036
14.0,400.0,15.0234
14.0,500.0,9.8948
14.0,600.0,25.2265
15.0,0.0,2.434816535433071
15.0,100.0,4.5107112781954894
15.0,200.0,3.3499984615384615
15.0,300.0,2.497934076433121
15.0,400.0,1.5117495548961426
15.0,500.0,2.6182825825825824
15.0,600.0,4.817547517730496
15.0,700.0,1.4087156756756756
16.0,0.0,4.708357471264367
16.0,100.0,4.976758974358974
16.0,200.0,5.044217391304348
16.0,300.0,3.148418446601942
16.0,400.0,2.254516810344828
16.0,500.0,4.113288412017168
16.0,600.0,3.1916504731861197
16.0,700.0,4.893887777777778
18.0,300.0,16.881933333333333
18.0,400.0,0.8389709090909091
19.0,0.0,26.804429906542058
19.0,100.0,19.25259195402299
19.0,200.0,23.327127071823206
19.0,300.0,19.58049441340782
19.0,400.0,20.820440133779265
19.0,500.0,17.426916199376947
19.0,600.0,10.672612534059946
19.0,700.0,27.59430909090909
20.0,0.0,38.49700925925926
20.0,100.0,36.42909736842105
20.0,200.0,36.787011904761904
20.0,300.0,26.4115202247191
20.0,400.0,16.372113402061856
20.0,500.0,35.87123571428572
20.0,600.0,32.7693359375
20.0,700.0,19.553543243243244
21.0,0.0,7.183743381535039
21.0,100.0,6.880240390243903
21.0,200.0,6.053397272727273
21.0,300.0,7.926255567567567
21.0,400.0,9.175829735682818
21.0,500.0,8.443606859903381
21.0,600.0,6.184944992743106
21.0,700.0,5.163262039045554
22.0,0.0,23.434432884097035
22.0,100.0,25.278458620689655
22.0,200.0,31.08158046357616
22.0,300.0,24.26344382566586
22.0,400.0,20.13207874015748
22.0,500.0,21.380546153846154
22.0,600.0,23.827586458333332
22.0,700.0,15.888209497206704
23.0,0.0,35.74023623188406
23.0,100.0,40.491745930232554
23.0,200.0,33.4733947368421
23.0,300.0,35.79270611111111
23.0,400.0,37.627145454545456
23.0,500.0,36.000615315315315
23.0,600.0,39.48675359999999
23.0,700.0,11.11789126984127
24.0,0.0,6.340595181907571
24.0,100.0,8.557819284064665
24.0,200.0,4.151078850855746
24.0,300.0,4.975921930325528
24.0,400.0,6.398969425571341
24.0,500.0,4.921596568898727
24.0,600.0,5.247595229681979
24.0,700.0,4.891687133891214
25.0,500.0,11.9857
25.0,700.0,8.202877272727273
26.0,0.0,34.151539534883725
26.0,100.0,13.011633522727273
26.0,200.0,7.174895563139932
26.0,300.0,25.186468674698798
26.0,400.0,21.457750561797752
26.0,500.0,11.390974208144796
26.0,600.0,8.346918316831683
26.0,700.0,12.975695522388058
27.0,0.0,6.3600729299363055
27.0,100.0,7.998386268656717
27.0,200.0,5.163440440165061
27.0,300.0,4.480532749326145
27.0,400.0,5.973307701421801
27.0,500.0,4.806227596899225
27.0,600.0,3.851060514541387
27.0,700.0,2.6860191780821916
28.0,0.0,5.226660360360361
28.0,100.0,3.7683396887159533
28.0,200.0,2.840321052631579
28.0,300.0,2.8525833333333335
28.0,400.0,5.01415294117647
28.0,500.0,3.4443415254237286
28.0,600.0,7.041651388888889
28.0,700.0,3.9242882352941177
30.0,0.0,5.398884308510638
30.0,100.0,4.394525384101537
30.0,200.0,3.921610981852024
30.0,300.0,4.365552083333333
30.0,400.0,4.4337245551601425
30.0,500.0,6.110594259567388
30.0,600.0,6.486844739530133
30.0,700.0,6.783748341232227
31.0,0.0,15.875476495726495
31.0,100.0,14.413130638297872
31.0,200.0,15.545561046511628
31.0,300.0,12.900658
31.0,400.0,31.961261960784313
31.0,500.0,36.400268345323745
31.0,600.0,18.82005733333333
31.0,700.0,13.762483455882354
32.0,0.0,14.122052040816326
32.0,100.0,8.775115
32.0,200.0,14.88354051724138
32.0,300.0,12.47023679245283
32.0,400.0,21.471655000000002
32.0,500.0,6.7210789473684205
32.0,600.0,12.020274626865671
32.0,700.0,11.60463947368421
33.0,0.0,13.882581164383561
33.0,100.0,25.302369252077565
33.0,200.0,13.422469780219782
33.0,300.0,18.48694553314121
33.0,400.0,24.471185790884718
33.0,500.0,22.403809057971014
33.0,600.0,15.071954415274464
33.0,700.0,22.11510909090909
34.0,0.0,17.116013151364765
34.0,100.0,18.000068041237114
34.0,200.0,11.866177309782609
34.0,300.0,15.914311670480549
34.0,400.0,18.508876865671642
34.0,500.0,15.93933294117647
34.0,600.0,12.568801663201663
34.0,700.0,26.802388659793817
35.0,0.0,4.4669712643678166
35.0,100.0,8.141577777777778
35.0,200.0,3.265849211356467
35.0,300.0,6.860128
35.0,400.0,15.730694339622643
35.0,500.0,4.137735497835498
35.0,600.0,5.3169200000000005
35.0,700.0,18.5256
36.0,0.0,4.530169281045752
36.0,100.0,7.451715418502202
36.0,200.0,5.698730163934426
36.0,300.0,10.909290099009903
36.0,400.0,6.110015337423313
36.0,500.0,7.264031538461539
36.0,600.0,5.947898324022346
36.0,700.0,16.33346183206107
37.0,0.0,12.304032989690722
37.0,100.0,8.318622058823529
37.0,200.0,8.908098076923077
37.0,300.0,11.028437777777777
37.0,400.0,10.498289534883721
37.0,500.0,10.3367415
37.0,600.0,7.331314173228346
37.0,700.0,15.340733333333333
38.0,0.0,30.695624137931034
38.0,100.0,14.338015032679738
38.0,200.0,29.159813513513512
38.0,300.0,29.648754929577464
38.0,400.0,16.005287
38.0,500.0,21.52857619047619
38.0,600.0,30.781646551724137
38.0,700.0,18.17412804878049
39.0,0.0,12.088523696682465
39.0,100.0,13.353903546099291
39.0,200.0,7.343642073170731
39.0,300.0,7.925759914712153
39.0,400.0,4.419075247524752
39.0,500.0,17.09767831325301
39.0,600.0,15.583775423728815
39.0,700.0,15.708332394366197
40.0,0.0,27.080906271777003
40.0,100.0,30.696877403846152
40.0,200.0,24.221274486803516
40.0,300.0,20.955507981220656
40.0,400.0,14.18282427983539
40.0,500.0,13.807351063829786
40.0,600.0,13.42121003236246
40.0,700.0,9.378949137931034
41.0,0.0,27.013460416666664
41.0,100.0,29.604426315789475
41.0,200.0,29.72123611111111
41.0,300.0,30.9263
41.0,400.0,32.28505689655172
41.0,500.0,12.571408163265307
41.0,600.0,29.950241538461537
41.0,700.0,20.185428846153847
42.0,0.0,31.339940000000002
42.0,100.0,23.664990000000003
42.0,200.0,28.00827741935484
42.0,300.0,26.75538333333333
42.0,400.0,27.188225
42.0,500.0,27.754421621621624
42.0,600.0,17.71680945945946
42.0,700.0,31.697005882352943
43.0,0.0,25.852984693877552
43.0,100.0,29.227790909090913
43.0,200.0,33.52012631578947
43.0,300.0,29.704069166666667
43.0,400.0,31.91088811881188
43.0,500.0,30.39678829787234
43.0,600.0,30.907581159420285
43.0,700.0,28.700038333333335
44.0,0.0,9.108795061728395
44.0,100.0,10.306467551622418
44.0,200.0,10.969609708737863
44.0,300.0,9.099151446945337
44.0,400.0,8.672219298245613
44.0,500.0,7.0709438095238095
44.0,600.0,7.963037394957984
44.0,700.0,6.551204672897197
45.0,0.0,12.856196794871796
45.0,100.0,9.517145
45.0,200.0,9.889732701421801
45.0,300.0,10.22363852691218
45.0,400.0,13.333027160493828
45.0,500.0,12.212551612903226
45.0,600.0,12.732738790035588
45.0,700.0,30.495991111111113
46.0,0.0,29.131687671232875
46.0,100.0,22.006075675675675
46.0,200.0,11.562588741721855
46.0,300.0,14.526582795698925
46.0,400.0,15.439696666666666
46.0,500.0,16.943150877192984
46.0,600.0,30.709425423728813
46.0,700.0,34.6963375
47.0,0.0,12.439094827586207
47.0,100.0,11.400965217391303
47.0,200.0,20.48109347826087
47.0,300.0,13.893478873239436
47.0,400.0,19.862825396825396
47.0,500.0,23.516066666666667
47.0,600.0,25.471614705882352
47.0,700.0,21.703616326530614
48.0,0.0,24.059407142857143
48.0,100.0,29.50731153846154
48.0,200.0,25.95265217391304
48.0,300.0,34.983125
48.0,400.0,26.971776470588235
48.0,500.0,30.26018181818182
48.0,600.0,30.131716666666666
48.0,700.0,13.39790625
49.0,0.0,7.7002193181818175
49.0,100.0,7.830564039408866
49.0,200.0,6.627275846501129
49.0,300.0,9.612270135746607
49.0,400.0,8.744544839857651
49.0,500.0,6.173828450704225
49.0,600.0,5.155495635673624
49.0,700.0,11.42914
50.0,0.0,16.855084210526314
50.0,100.0,17.248551943462896
50.0,200.0,17.952512886597937
50.0,300.0,12.569545614035087
50.0,400.0,19.352749559471366
50.0,500.0,17.148174408602152
50.0,600.0,14.793914976958526
50.0,700.0,13.727342021276595
51.0,0.0,31.472475
51.0,100.0,13.032741116751268
51.0,200.0,10.928797095435684
51.0,300.0,10.878804838709677
51.0,400.0,11.059127472527472
51.0,500.0,12.034347976878612
51.0,600.0,10.501802538071066
51.0,700.0,12.482974242424243
52.0,0.0,7.5393017560975615
52.0,100.0,5.047860396039604
52.0,200.0,6.643765736040609
52.0,300.0,3.6764569620253162
52.0,400.0,3.7455993797381115
52.0,500.0,5.567796951672862
52.0,600.0,9.503391839762612
52.0,700.0,3.382519734345351
53.0,0.0,22.927428
53.0,100.0,22.375893333333334
53.0,200.0,23.857566666666667
53.0,300.0,27.112002702702704
53.0,400.0,17.79790303030303
53.0,500.0,20.553046875
53.0,600.0,15.997580952380954
53.0,700.0,13.377019607843136
55.0,0.0,27.747780952380953
55.0,100.0,18.3713
55.0,200.0,35.48363846153846
55.0,300.0,30.13973076923077
55.0,400.0,27.53784545454545
55.0,500.0,34.76746666666667
55.0,600.0,25.09588620689655
55.0,700.0,27.74155
56.0,100.0,19.456556666666664
56.0,200.0,10.232714666666668
56.0,300.0,11.627925
56.0,400.0,17.563446153846154
56.0,500.0,14.463363333333332
56.0,600.0,10.7965
56.0,700.0,11.359655555555555
57.0,0.0,8.1632
57.0,200.0,3.091459375
57.0,300.0,0.019671
57.0,400.0,0.05978811881188119
57.0,500.0,0.0
57.0,600.0,0.0
57.0,700.0,1.8793703703703704
58.0,0.0,2.2326165876777253
58.0,100.0,4.275536111111111
58.0,200.0,6.227616666666667
58.0,300.0,4.105486516853933
58.0,400.0,4.467896478873239
58.0,500.0,4.011258791208791
58.0,600.0,2.03675
58.0,700.0,1.4933274111675126
59.0,500.0,3.266077777777778
60.0,200.0,6.3618500000000004
60.0,400.0,1.138934693877551
60.0,500.0,0.0
60.0,600.0,0.0019333333333333331
60.0,700.0,3.5565
61.0,0.0,9.36478431372549
61.0,100.0,27.445788636363638
61.0,200.0,23.081757142857143
61.0,300.0,23.0141734375
61.0,400.0,6.4225475728155335
61.0,500.0,9.516481818181818
61.0,600.0,19.326888571428572
61.0,700.0,30.511982608695654
62.0,0.0,14.357466666666665
62.0,100.0,8.783268421052632
62.0,200.0,19.19948181818182
62.0,300.0,3.2975250000000003
62.0,400.0,2.2886041666666666
62.0,500.0,0.0
62.0,600.0,0.0
62.0,700.0,0.0
63.0,0.0,15.41063148148148
63.0,100.0,12.017526277372262
63.0,200.0,8.588908163265305
63.0,300.0,12.045658192090395
63.0,400.0,23.134995348837208
63.0,500.0,18.87493505154639
63.0,600.0,29.285674358974358
63.0,700.0,29.076996875
64.0,0.0,15.98553962264151
64.0,100.0,6.5956217592592585
64.0,200.0,5.922617941176471
64.0,300.0,11.866468085106384
64.0,400.0,10.994000943396227
64.0,500.0,19.127041836734694
64.0,600.0,8.963299280575539
64.0,700.0,26.20295
65.0,0.0,15.726908571428574
65.0,100.0,6.644533333333333
65.0,200.0,12.362738709677421
65.0,300.0,11.023516666666666
65.0,400.0,10.147268421052631
65.0,500.0,6.6480760869565225
65.0,600.0,7.9107698412698415
65.0,700.0,4.041085714285715
66.0,0.0,19.0787
66.0,100.0,27.588122222222225
66.0,200.0,19.27515
66.0,300.0,0.201545
66.0,400.0,8.782054545454544
66.0,500.0,16.441366666666667
66.0,600.0,17.460657142857144
66.0,700.0,19.881816666666666
67.0,0.0,22.017525
67.0,100.0,4.530913953488372
67.0,200.0,11.763227083333334
67.0,300.0,19.154411111111113
67.0,400.0,16.31617272727273
67.0,500.0,5.330349180327869
67.0,600.0,21.088591666666666
67.0,700.0,21.2451
68.0,0.0,16.743923809523807
68.0,100.0,9.956816666666667
68.0,200.0,21.21024074074074
68.0,300.0,15.009766666666666
68.0,400.0,19.12808888888889
68.0,500.0,9.520407407407406
68.0,600.0,26.22547142857143
68.0,700.0,17.406485714285715
69.0,0.0,8.834061111111112
69.0,100.0,2.3642910714285716
69.0,400.0,13.345105263157896
69.0,600.0,1.1371
69.0,700.0,2.974463829787234
70.0,0.0,0.0
70.0,100.0,1.1842964285714286
70.0,200.0,0.0
70.0,300.0,0.0
70.0,400.0,0.007663106796116505
70.0,500.0,0.002599009900990099
70.0,600.0,0.0
70.0,700.0,1.7992000000000001
71.0,0.0,30.756059375
71.0,100.0,20.18806781609195
71.0,200.0,20.674337864077668
71.0,300.0,10.28125
71.0,400.0,11.207392
71.0,500.0,12.506050261780105
71.0,600.0,10.196797297297298
71.0,700.0,11.994053731343284
72.0,0.0,6.240602257336343
72.0,100.0,5.5075666666666665
72.0,200.0,3.1349598684210527
72.0,300.0,5.764755033557047
72.0,400.0,7.559255635491607
72.0,500.0,3.1684117004680186
72.0,600.0,4.405538650306748
72.0,700.0,3.604062698412698
73.0,0.0,17.353704026845637
73.0,100.0,18.92467356321839
73.0,200.0,17.51840760233918
73.0,300.0,13.157583579335794
73.0,400.0,10.176529861111112
73.0,500.0,9.877490420560747
73.0,600.0,12.336132707774798
73.0,700.0,7.321888194444444
74.0,0.0,6.40592734375
74.0,100.0,9.740007692307692
74.0,200.0,9.184811274509803
74.0,300.0,8.274032240437158
74.0,400.0,6.873912166172107
74.0,500.0,4.106101102941176
74.0,600.0,7.317590581717452
74.0,700.0,1.9316456375838926
75.0,0.0,18.496654074074076
75.0,100.0,12.24150203804348
75.0,200.0,15.887799285714287
75.0,300.0,12.711725331564987
75.0,400.0,17.766005684210526
75.0,500.0,13.608912051649929
75.0,600.0,11.338240600522193
75.0,700.0,13.051632394366196
76.0,0.0,21.573714285714285
76.0,100.0,15.541825688073395
76.0,200.0,25.11655205479452
76.0,300.0,26.351381951219512
76.0,400.0,28.133422727272727
76.0,500.0,13.18456106870229
76.0,600.0,13.266331313131314
76.0,700.0,24.699726829268293
77.0,0.0,17.78019375
77.0,100.0,16.4831138317757
77.0,200.0,18.929605440900563
77.0,300.0,13.424120524017468
77.0,400.0,18.481265367965367
77.0,500.0,20.363633471074383
77.0,600.0,12.8069
77.0,700.0,31.460266310160428
78.0,0.0,11.179195073891625
78.0,100.0,7.7909463878327
78.0,200.0,9.158969396551724
78.0,300.0,8.16865046728972
78.0,400.0,12.605455555555555
78.0,500.0,11.552774267782427
78.0,600.0,7.83168841870824
78.0,700.0,9.72233667820069
79.0,0.0,22.888102649006623
79.0,100.0,18.579969374999997
79.0,200.0,26.64570185185185
79.0,300.0,21.04919481865285
79.0,400.0,23.31458202247191
79.0,500.0,23.367668211920527
79.0,600.0,20.92259431279621
79.0,700.0,22.937627173913043
80.0,0.0,25.366722093023252
80.0,100.0,18.72085497835498
80.0,200.0,14.899507627118645
80.0,300.0,20.675463063063063
80.0,400.0,23.81023843283582
80.0,500.0,22.9098
80.0,600.0,24.399922285714286
80.0,700.0,23.494197674418604
81.0,0.0,17.029043070362473
81.0,100.0,18.862104128440365
81.0,200.0,28.44231143911439
81.0,300.0,17.12481192504259
81.0,400.0,19.258561638733703
81.0,500.0,15.675333333333333
81.0,600.0,22.072148563218388
81.0,700.0,19.47846124567474
82.0,100.0,16.6771
82.0,400.0,5.506602040816327
82.0,500.0,7.833365714285715
82.0,600.0,6.870832183908045
82.0,700.0,5.8984297872340425
83.0,0.0,27.952516996699668
83.0,100.0,35.155962225969645
83.0,200.0,22.9199902020202
83.0,300.0,25.44060510585305
83.0,400.0,30.729001779359432
83.0,500.0,24.76940645539906
83.0,600.0,22.62939464012251
83.0,700.0,38.9829470437018
84.0,0.0,22.75354090909091
84.0,100.0,22.893433333333334
84.0,200.0,22.14218125
84.0,300.0,22.557786363636364
84.0,400.0,22.281170270270273
84.0,500.0,24.708683999999998
84.0,600.0,23.38382307692308
84.0,700.0,24.038
85.0,0.0,19.230566402116402
85.0,100.0,25.921452034883718
85.0,200.0,22.425918119266058
85.0,300.0,28.768771551724136
85.0,400.0,29.861283620689655
85.0,500.0,25.237167062314544
85.0,600.0,20.790729368029737
85.0,700.0,27.77653950617284
87.0,0.0,20.191384848484848
87.0,100.0,12.102471497584542
87.0,200.0,16.56204761904762
87.0,300.0,24.692270212765955
87.0,400.0,15.752185863874345
87.0,500.0,11.321605681818182
87.0,600.0,5.633993609022556
87.0,700.0,3.4636755319148937
88.0,0.0,5.064350455373406
88.0,100.0,4.3343781321184505
88.0,200.0,5.582757111356119
88.0,300.0,5.486819548872181
88.0,400.0,8.715328811188812
88.0,500.0,10.982265853658538
88.0,600.0,9.059186337760911
88.0,700.0,18.174271223021584
89.0,0.0,15.39821676470588
89.0,100.0,9.542241795665635
89.0,200.0,16.74692305630027
89.0,300.0,17.628873033707865
89.0,400.0,10.948689671361503
89.0,500.0,7.379753703703704
89.0,600.0,6.3630650662251655
89.0,700.0,8.03244645030426
90.0,0.0,8.77003885209713
90.0,100.0,10.002158190476191
90.0,200.0,6.476968682258985
90.0,300.0,5.230756547269524
90.0,400.0,5.518691270918136
90.0,500.0,5.442106390977444
90.0,600.0,4.746664059104737
90.0,700.0,3.003967180094787
91.0,0.0,22.404306432038833
91.0,100.0,28.705462529550825
91.0,200.0,24.350670950323977
91.0,300.0,23.09237482598608
91.0,400.0,25.99566187845304
91.0,500.0,24.010022584147666
91.0,600.0,18.650107418397628
91.0,700.0,21.66291771479185
92.0,0.0,9.500525
93.0,0.0,13.550472
93.0,100.0,4.5737974999999995
93.0,200.0,4.66709724137931
93.0,300.0,5.1684529999999995
93.0,400.0,6.726494957983193
93.0,500.0,5.392485057471265
93.0,600.0,4.410203813559322
93.0,700.0,6.051256862745098
94.0,0.0,9.499924210526316
94.0,100.0,8.843387199999999
94.0,200.0,7.636206172839506
94.0,300.0,16.33541680672269
94.0,400.0,8.882163963963965
94.0,500.0,10.133125
94.0,600.0,3.8300884422110553
94.0,700.0,4.206122330097087
95.0,0.0,5.3740736363636366
95.0,100.0,3.207832407407407
95.0,200.0,2.146983863080685
95.0,300.0,1.5100773784355181
95.0,400.0,2.3082372434017593
95.0,500.0,1.898901438848921
95.0,600.0,1.665115223097113
95.0,700.0,0.9903491124260355
96.0,0.0,17.50746666666667
96.0,100.0,14.077160000000001
96.0,400.0,11.637
96.0,600.0,13.530942857142858
97.0,100.0,14.351999999999999
97.0,300.0,12.897233333333332
97.0,400.0,16.571254545454543
97.0,500.0,20.713874999999998
97.0,600.0,18.5244
105.0,0.0,19.61949333333333
105.0,100.0,15.464314705882353
105.0,200.0,22.722908108108108
105.0,300.0,9.802545833333333
105.0,400.0,17.111977586206898
105.0,500.0,15.201400000000001
105.0,600.0,14.094050000000001
105.0,700.0,17.617625
106.0,0.0,23.7761
106.0,100.0,23.104773076923077
106.0,200.0,15.45812857142857
106.0,300.0,16.492175675675675
106.0,400.0,20.330268181818184
106.0,500.0,11.717677570093459
106.0,600.0,22.83720754716981
106.0,700.0,25.374484615384613
107.0,200.0,19.179706896551725
107.0,300.0,22.81505
107.0,400.0,19.747627906976746
107.0,500.0,17.071105263157893
107.0,600.0,16.9511
108.0,0.0,12.63388
108.0,200.0,14.368364705882353
108.0,300.0,8.752768421052632
108.0,400.0,13.487552702702702
108.0,500.0,16.465708333333332
108.0,600.0,6.087568367346939
108.0,700.0,0.0
109.0,0.0,23.675620000000002
109.0,200.0,19.063968181818183
109.0,300.0,18.6698
109.0,400.0,14.492790000000001
109.0,500.0,15.202865
109.0,600.0,10.502355555555557
110.0,0.0,12.02415
110.0,100.0,11.128575
110.0,200.0,1.40465
110.0,300.0,4.639576923076922
110.0,400.0,1.5017957446808512
110.0,600.0,12.395900000000001
111.0,100.0,14.463384210526316
111.0,400.0,3.0759266666666667
111.0,500.0,0.020553409090909094
111.0,600.0,0.0
111.0,700.0,0.0
112.0,0.0,28.43365
112.0,100.0,15.48422978723404
112.0,200.0,19.005605263157893
112.0,300.0,14.342207142857143
112.0,400.0,21.020747222222223
112.0,500.0,13.664788372093025
112.0,600.0,14.588704347826088
112.0,700.0,16.396690909090907
113.0,0.0,0.0
113.0,100.0,0.0
113.0,200.0,0.0
113.0,300.0,0.009964179104477612
113.0,400.0,0.22781317365269463
113.0,500.0,0.3008463917525773
113.0,600.0,0.8820439306358382
113.0,700.0,0.024439000000000002
114.0,0.0,16.17062142857143
114.0,100.0,13.73726923076923
114.0,200.0,5.875848076923077
114.0,300.0,9.59562
114.0,400.0,8.504120652173913
114.0,500.0,9.878322522522522
114.0,600.0,20.03909090909091
114.0,700.0,8.742117857142857
115.0,200.0,7.282258536585366
115.0,300.0,12.18729696969697
115.0,400.0,2.8453677083333333
115.0,500.0,2.2204752066115705
115.0,600.0,1.989667032967033
115.0,700.0,1.3696781818181818
116.0,0.0,11.679549438202248
116.0,100.0,8.214395505617977
116.0,200.0,9.290991983122362
116.0,300.0,11.289797021276597
116.0,400.0,11.093736909871245
116.0,500.0,11.00787765151515
116.0,600.0,9.406115467625899
116.0,700.0,9.821678888888888
117.0,0.0,9.297014492753622
117.0,100.0,10.782424666666667
117.0,200.0,11.801445721271394
117.0,300.0,10.074661713286714
117.0,400.0,7.859020474777449
117.0,500.0,9.532178063241107
117.0,600.0,8.453157085828343
117.0,700.0,9.15192888888889
118.0,0.0,22.31164556962025
118.0,100.0,23.722298387096775
118.0,200.0,25.256164102564103
118.0,300.0,24.351468055555554
118.0,400.0,24.49896582278481
118.0,500.0,20.59342254901961
118.0,600.0,16.654538356164384
118.0,700.0,19.17673076923077
119.0,300.0,2.96465
124.0,0.0,31.812525806451614
124.0,100.0,25.54811527777778
124.0,200.0,17.041543421052634
124.0,300.0,25.624605063291142
124.0,400.0,31.724343055555558
124.0,500.0,21.241544444444443
124.0,600.0,31.890277011494252
124.0,700.0,20.064239999999998
127.0,0.0,30.692321052631577
127.0,100.0,24.23511818181818
127.0,200.0,20.44735652173913
127.0,300.0,29.64876923076923
127.0,400.0,26.89644444444444
127.0,500.0,28.499984210526314
127.0,600.0,33.491121428571425
127.0,700.0,27.937821739130435
128.0,0.0,2.346487341772152
128.0,200.0,13.246932
128.0,400.0,18.71785
128.0,500.0,10.475014285714286
128.0,600.0,9.804269047619048
128.0,700.0,15.620933333333333
129.0,0.0,0.0
129.0,100.0,0.0
129.0,200.0,0.0
129.0,300.0,0.0
129.0,400.0,0.8363575221238938
129.0,500.0,0.166337
129.0,600.0,1.4566018867924528
130.0,0.0,20.971675
130.0,200.0,18.006633333333333
130.0,400.0,17.751635294117648
130.0,500.0,16.75832222222222
130.0,600.0,7.205748958333333
130.0,700.0,5.1954521126760564
131.0,0.0,8.065342753623188
131.0,100.0,7.639121768707484
131.0,200.0,16.186630303030306
131.0,300.0,16.932841463414633
131.0,400.0,12.950499047619047
131.0,500.0,14.8962
131.0,600.0,7.454537209302326
131.0,700.0,12.418416666666667
132.0,0.0,24.488414000000002
132.0,100.0,12.580531818181818
132.0,200.0,10.326089159292037
132.0,300.0,15.911931775700936
132.0,400.0,20.768173770491803
132.0,500.0,17.311839150943396
132.0,600.0,21.21499369863014
132.0,700.0,22.606047222222223
133.0,0.0,19.855763636363637
133.0,100.0,2.244182716049383
133.0,600.0,15.592885294117647
133.0,700.0,16.04358717948718
134.0,0.0,18.797767045454545
134.0,100.0,10.431330656934307
134.0,200.0,16.103852173913044
134.0,300.0,5.019203448275862
134.0,400.0,5.771001801801802
134.0,500.0,5.615719791666667
134.0,600.0,6.364203947368421
134.0,700.0,5.719971186440678
135.0,0.0,22.160046153846153
135.0,100.0,24.19847777777778
135.0,200.0,24.99155
135.0,300.0,22.44358
135.0,400.0,22.67268888888889
135.0,500.0,25.295526666666667
135.0,600.0,22.06802272727273
135.0,700.0,27.101325
137.0,200.0,17.18445
137.0,400.0,18.284566666666667
137.0,500.0,18.3703
137.0,600.0,24.6352
144.0,0.0,5.186025899280576
144.0,100.0,3.1192663366336637
144.0,200.0,3.2967064220183486
144.0,300.0,10.537230000000001
144.0,400.0,11.005913636363637
144.0,500.0,5.403803703703704
144.0,600.0,12.96334
144.0,700.0,9.323439285714286
145.0,0.0,13.351693333333333
145.0,100.0,17.497911764705883
145.0,200.0,18.95718
145.0,300.0,18.256918518518518
145.0,400.0,14.85123125
145.0,500.0,17.664395652173912
145.0,600.0,14.665405405405405
145.0,700.0,13.49576
146.0,0.0,28.597149620253163
146.0,100.0,23.967044421052634
146.0,200.0,28.986507730263156
146.0,300.0,20.669057034632033
146.0,400.0,17.896189915966385
146.0,500.0,24.812963853727144
146.0,600.0,32.02134458598726
146.0,700.0,31.594115942028985
147.0,0.0,24.51385154826958
147.0,100.0,28.723301463414632
147.0,200.0,29.796772716199754
147.0,300.0,26.28151934673367
147.0,400.0,22.4050646090535
147.0,500.0,31.17680535168196
147.0,600.0,31.5493787012987
147.0,700.0,32.098635029354206
148.0,0.0,8.240549230769231
148.0,100.0,8.728297687861271
148.0,200.0,4.175530978260869
148.0,300.0,8.113009150326798
148.0,400.0,5.388769473684211
148.0,500.0,4.995209465648855
148.0,600.0,6.192870329670329
148.0,700.0,4.03565632183908
149.0,0.0,17.006360346964065
149.0,100.0,17.110851576805697
149.0,200.0,20.285927862939587
149.0,300.0,14.886930163447252
149.0,400.0,14.137609257950531
149.0,500.0,19.806953006872853
149.0,600.0,14.33226123046875
149.0,700.0,17.0106850117096
150.0,0.0,9.0331
150.0,100.0,12.950922857142858
150.0,200.0,18.053820689655172
150.0,300.0,16.861328571428572
150.0,400.0,12.583741935483872
150.0,500.0,16.212229999999998
150.0,600.0,12.600321621621623
151.0,0.0,5.91837
151.0,100.0,10.787333333333335
151.0,300.0,9.793116666666668
151.0,700.0,11.4290375
152.0,0.0,26.594770063694266
152.0,100.0,33.873898504273505
152.0,200.0,37.8037878238342
152.0,300.0,41.519860645161295
152.0,400.0,33.23835905172414
152.0,500.0,37.32933052391799
152.0,600.0,33.821875471698114
152.0,700.0,36.35670625
153.0,0.0,21.690723255813953
153.0,100.0,25.58574009983361
153.0,200.0,33.32875320197044
153.0,300.0,26.44078996415771
153.0,400.0,26.668910166358597
153.0,500.0,20.182959447513813
153.0,600.0,27.347673176470586
153.0,700.0,26.758707443365694
154.0,0.0,7.1790238461538465
154.0,100.0,7.825001124648548
154.0,200.0,7.007482967032966
154.0,300.0,8.259043771043771
154.0,400.0,6.090866942833472
154.0,500.0,4.162048583743842
154.0,600.0,3.449284324659232
154.0,700.0,5.864835585585586
155.0,0.0,15.724470833333335
155.0,100.0,18.442617599351177
155.0,200.0,16.122005856515372
155.0,300.0,17.053081601731602
155.0,400.0,20.806466479550924
155.0,500.0,17.46576698970321
155.0,600.0,12.923944449170566
155.0,700.0,15.171538331160365
156.0,0.0,10.599187527114967
156.0,100.0,7.154374944731025
156.0,200.0,6.749932002048132
156.0,300.0,4.5886239221140475
156.0,400.0,10.093039342948718
156.0,500.0,12.76180577136515
156.0,600.0,9.958431268436577
156.0,700.0,11.123379677419354
157.0,0.0,42.85384545454545
157.0,100.0,41.19092219679634
157.0,200.0,36.771916326530615
157.0,300.0,33.7015159126365
157.0,400.0,25.449635453315288
157.0,500.0,30.923913360323887
157.0,600.0,26.755190797546014
157.0,700.0,19.9173392
158.0,0.0,38.52774695863747
158.0,100.0,43.61026961451247
158.0,200.0,31.267005445544555
158.0,300.0,34.35959137134053
158.0,400.0,37.54669665492958
158.0,500.0,36.12238015978695
158.0,600.0,41.62498941798942
158.0,700.0,39.677551243781096
159.0,0.0,13.820455555555556
159.0,100.0,17.965834375
159.0,200.0,9.9068390625
159.0,300.0,20.348961538461538
159.0,400.0,23.33376857142857
159.0,500.0,10.560434722222222
159.0,600.0,7.2513817391304345
159.0,700.0,24.871538095238094
160.0,0.0,13.958190163934427
160.0,100.0,16.578834782608695
160.0,200.0,27.677265359477126
160.0,300.0,19.353329545454546
160.0,400.0,16.42867256097561
160.0,500.0,14.470778215767636
160.0,600.0,11.795766532258066
160.0,700.0,15.396968911917098
162.0,0.0,19.23
162.0,100.0,14.70555
162.0,200.0,20.17246
162.0,300.0,22.693099999999998
162.0,400.0,24.7208
162.0,500.0,26.62825
162.0,600.0,29.0193
162.0,700.0,5.498425
163.0,0.0,20.686
163.0,100.0,22.02060625
163.0,200.0,27.91955
163.0,300.0,28.005563636363636
163.0,400.0,30.12047
163.0,500.0,24.270741666666666
163.0,600.0,22.331633333333333
164.0,0.0,23.500349253731343
164.0,100.0,22.215022093023254
164.0,200.0,21.7924671875
164.0,300.0,22.58262957746479
164.0,400.0,17.36906211180124
164.0,500.0,12.513935882352941
164.0,600.0,25.80878085106383
164.0,700.0,18.50585185185185
165.0,0.0,30.205746575342467
165.0,100.0,27.854803125
165.0,200.0,34.32368952380952
165.0,300.0,24.452688732394368
165.0,400.0,22.512550967741934
165.0,500.0,24.21464344827586
165.0,600.0,29.531614946619214
165.0,700.0,36.6423643902439
166.0,0.0,15.5191
166.0,100.0,13.181999999999999
166.0,200.0,4.667864285714286
166.0,400.0,7.9868999999999994
166.0,600.0,8.838
166.0,700.0,7.46835
167.0,0.0,26.453592523364485
167.0,100.0,31.712082905982907
167.0,200.0,17.067312413793104
167.0,300.0,20.93852512820513
167.0,400.0,23.325783084577115
167.0,500.0,30.64556111111111
167.0,600.0,24.50185661764706
167.0,700.0,27.73944285714286
168.0,0.0,14.116847590361447
168.0,100.0,19.847477205882353
168.0,200.0,24.42444069767442
168.0,300.0,33.56302604166667
168.0,400.0,26.570372142857142
168.0,500.0,17.830425
168.0,600.0,18.268080821917806
168.0,700.0,24.484750000000002
169.0,0.0,28.32279766536965
169.0,100.0,20.833684431137726
169.0,200.0,20.241567775831875
169.0,300.0,23.258455940594057
169.0,400.0,28.116406511627908
169.0,500.0,26.24223134328358
169.0,600.0,19.640966454689984
169.0,700.0,23.97851644736842
170.0,0.0,16.156503418803418
170.0,100.0,15.461972023809524
170.0,200.0,16.837017261904762
170.0,300.0,24.273970161290322
170.0,400.0,22.20827397260274
170.0,500.0,20.943803703703704
170.0,600.0,25.8223
170.0,700.0,27.55491111111111
171.0,400.0,0.1211
171.0,500.0,22.79186
171.0,600.0,21.81558
172.0,100.0,6.174033333333333
174.0,100.0,13.337596153846153
174.0,200.0,13.149071428571428
174.0,300.0,11.3434125
174.0,400.0,15.590363636363636
174.0,500.0,16.13222272727273
174.0,600.0,5.923484210526316
174.0,700.0,9.870424242424242
175.0,0.0,10.985255148741418
175.0,100.0,14.804423513513514
175.0,200.0,12.81582380952381
175.0,300.0,13.356532098765431
175.0,400.0,10.56100970042796
175.0,500.0,12.1107461682243
175.0,600.0,10.624358285714285
175.0,700.0,16.263396485623005
177.0,0.0,19.843527091633465
177.0,100.0,21.90060662472243
177.0,200.0,21.017666878267363
177.0,300.0,18.820495620437956
177.0,400.0,17.22844583987441
177.0,500.0,21.43630954420312
177.0,600.0,25.033261912865893
177.0,700.0,25.865304092664093
178.0,0.0,21.4301738317757
178.0,100.0,24.305806818181818
178.0,200.0,15.64614828532236
178.0,300.0,18.407848192771084
178.0,400.0,15.574660735294117
178.0,500.0,21.029193114241
178.0,600.0,17.162036593406594
178.0,700.0,21.131648416289593
179.0,0.0,23.244642857142857
179.0,100.0,18.450974000000002
179.0,200.0,21.462699999999998
179.0,300.0,14.775162962962963
179.0,400.0,15.651683333333333
179.0,500.0,15.94278888888889
179.0,600.0,19.847954545454545
179.0,700.0,14.139259259259259
180.0,0.0,21.665778970588235
180.0,100.0,27.204396742209635
180.0,200.0,25.343370397643593
180.0,300.0,23.795108875
180.0,400.0,21.10907435897436
180.0,500.0,29.376429579207922
180.0,600.0,16.477665802675585
180.0,700.0,31.438857741935482
181.0,0.0,25.393699014778324
181.0,100.0,20.22282403560831
181.0,200.0,28.78765191489362
181.0,300.0,27.362610303030305
181.0,400.0,33.9354148
181.0,500.0,29.284665579710143
181.0,600.0,30.104276649746197
181.0,700.0,30.465701595744683
182.0,0.0,11.115082708933718
182.0,100.0,10.504967391304348
182.0,200.0,7.471846188340807
182.0,300.0,8.782317708333332
182.0,400.0,6.432846467065868
182.0,500.0,7.410472292191436
182.0,600.0,6.58425413711584
182.0,700.0,4.670425857519789
183.0,0.0,4.148802360515021
183.0,100.0,4.2959645645645645
183.0,200.0,4.537737058823529
183.0,300.0,4.053487822014052
183.0,400.0,5.999790449438202
183.0,500.0,7.783007348242811
183.0,600.0,5.672272750642673
183.0,700.0,5.400558498896247
184.0,0.0,11.378204582210243
184.0,100.0,10.281039159001313
184.0,200.0,10.553896555323591
184.0,300.0,11.624019855595668
184.0,400.0,13.66457972972973
184.0,500.0,13.302185386221295
184.0,600.0,10.985021951219512
184.0,700.0,16.14804052631579
185.0,0.0,13.086284090909091
185.0,100.0,24.725134146341464
185.0,200.0,21.054813513513512
185.0,300.0,17.54785945945946
185.0,400.0,20.08244375
185.0,500.0,20.10024736842105
185.0,600.0,22.284308333333332
185.0,700.0,13.492723529411766
186.0,0.0,15.22252331460674
186.0,100.0,17.83791762820513
186.0,200.0,17.45625266272189
186.0,300.0,15.325037918871253
186.0,400.0,22.41341413043478
186.0,500.0,18.721886634844868
186.0,600.0,20.476567424242425
186.0,700.0,30.89518
187.0,0.0,16.938441228070175
187.0,100.0,14.300499212598424
187.0,200.0,13.809509722222224
187.0,300.0,15.233727067669173
187.0,400.0,13.530648484848486
187.0,500.0,13.243594545454545
187.0,600.0,8.956732195121951
187.0,700.0,9.222064666666668
188.0,0.0,17.442868181818184
188.0,100.0,9.558833333333332
188.0,400.0,19.814545000000003
188.0,500.0,13.535308695652173
188.0,600.0,20.76886
188.0,700.0,22.408034615384615
189.0,0.0,8.74061836734694
189.0,100.0,10.700605604719764
189.0,200.0,10.335806949806951
189.0,300.0,9.794748534798535
189.0,400.0,8.278776771004942
189.0,500.0,8.458865825242718
189.0,600.0,9.155823201174742
189.0,700.0,6.429111854951186
190.0,0.0,18.237263790446843
190.0,100.0,31.71626544715447
190.0,200.0,21.466924170616114
190.0,300.0,21.180129589041094
190.0,400.0,14.492936753246752
190.0,500.0,22.757165757162344
190.0,600.0,21.009169509345792
190.0,700.0,22.21799873150106
191.0,0.0,32.42038169934641
191.0,100.0,45.71706785714286
191.0,200.0,45.43879680851064
191.0,300.0,41.621260283687946
191.0,400.0,41.336127272727275
191.0,500.0,41.94173913043478
191.0,600.0,43.28245748031496
191.0,700.0,42.519278888888884
192.0,0.0,6.459715866084426
192.0,100.0,5.194016637781629
192.0,200.0,7.397721370309951
192.0,300.0,8.764328037383178
192.0,400.0,18.864178260869565
192.0,500.0,12.019850896860987
192.0,600.0,17.237456451612903
192.0,700.0,6.88096679245283
193.0,0.0,13.45
193.0,100.0,21.532366666666668
193.0,200.0,16.78859
193.0,300.0,18.090552631578948
193.0,400.0,17.29441
193.0,500.0,15.217045454545454
193.0,600.0,12.096375862068966
193.0,700.0,10.56195625
194.0,0.0,2.247593613138686
194.0,100.0,2.3195753061224487
194.0,200.0,2.467605595970901
194.0,300.0,2.4230954545454546
194.0,400.0,2.637418057210965
194.0,500.0,3.3693096281540504
194.0,600.0,2.9637872033023736
194.0,700.0,1.701562066306862
195.0,200.0,7.6795285714285715
195.0,300.0,17.966866666666665
195.0,400.0,17.90576666666667
196.0,0.0,14.193250154798761
196.0,100.0,15.700373611111111
196.0,200.0,17.568296036585366
196.0,300.0,21.883652631578947
196.0,400.0,22.213949824561404
196.0,500.0,13.147087447698745
196.0,600.0,19.134177508650517
196.0,700.0,22.712966326530612
197.0,0.0,24.903908894878708
197.0,100.0,24.56849406779661
197.0,200.0,24.504548206278027
197.0,300.0,22.335219434628975
197.0,400.0,20.69108733766234
197.0,500.0,23.098774269005848
197.0,600.0,30.647631722054378
197.0,700.0,29.77690850202429
198.0,0.0,6.4167
198.0,100.0,12.46452
198.0,200.0,12.669450000000001
198.0,300.0,18.6983
198.0,400.0,13.106784210526316
198.0,500.0,8.468466666666666
198.0,600.0,10.928450000000002
198.0,700.0,15.36854
199.0,0.0,27.170168421052633
199.0,100.0,27.9471168
199.0,200.0,27.42199495412844
199.0,300.0,21.552190211640212
199.0,400.0,18.88931266375546
199.0,500.0,23.304810914454276
199.0,600.0,14.657075609756097
199.0,700.0,12.373996839080458
200.0,100.0,17.691101785714284
200.0,300.0,11.979018000000002
200.0,600.0,0.006883333333333333
200.0,700.0,0.0
201.0,0.0,27.878501408450703
201.0,100.0,27.448
201.0,200.0,28.499246688741717
201.0,300.0,29.458213414634148
201.0,400.0,24.04632733333333
201.0,500.0,21.201449425287358
201.0,600.0,26.75038843537415
201.0,700.0,19.27017462121212
202.0,0.0,11.554033333333335
202.0,100.0,14.353825
202.0,200.0,7.17478125
202.0,400.0,15.234270588235294
202.0,500.0,16.326392857142856
202.0,600.0,7.690099999999999
202.0,700.0,13.8125
203.0,0.0,12.419856519208382
203.0,100.0,15.980948351648353
203.0,200.0,23.507741932270918
203.0,300.0,14.69774573019802
203.0,400.0,9.616006379310345
203.0,500.0,13.559466335403727
203.0,600.0,14.571214521452145
203.0,700.0,18.03236867030965
204.0,300.0,30.3935
204.0,400.0,28.243916666666667
204.0,500.0,32.97736666666666
204.0,700.0,9.612566666666668
205.0,100.0,18.649337499999998
205.0,200.0,21.30284
205.0,300.0,20.347622222222224
205.0,400.0,17.719416666666664
205.0,500.0,20.20995
205.0,600.0,16.722136363636363
206.0,0.0,7.9490375
206.0,100.0,13.56238
206.0,400.0,18.0227625
207.0,0.0,14.0402
207.0,100.0,13.190925
207.0,200.0,14.04805
207.0,400.0,14.8332625
207.0,500.0,15.933433333333333
207.0,600.0,18.192
207.0,700.0,13.96165
208.0,100.0,4.2083
208.0,200.0,0.0145
209.0,0.0,23.681909423347395
209.0,100.0,28.07786157718121
209.0,200.0,28.91502250274424
209.0,300.0,21.55974406926407
209.0,400.0,20.782965331928345
209.0,500.0,18.440837008547007
209.0,600.0,20.470626605504588
209.0,700.0,25.0955096124031
210.0,0.0,10.903166666666666
210.0,100.0,9.480516666666666
210.0,200.0,7.106416666666667
210.0,300.0,14.8735
210.0,400.0,8.126
210.0,500.0,18.346099999999996
210.0,600.0,7.133566666666667
211.0,0.0,17.81917419354839
211.0,100.0,16.654112
211.0,200.0,19.450925
211.0,300.0,21.195265517241378
211.0,400.0,18.13425833333333
211.0,500.0,20.483146666666666
211.0,600.0,16.778839285714287
212.0,0.0,18.509491089108913
212.0,100.0,23.156500459558824
212.0,200.0,20.13000392320534
212.0,300.0,23.25688327586207
212.0,400.0,14.801928336380257
212.0,500.0,20.417426422764226
212.0,600.0,21.872448237179487
212.0,700.0,22.380021562156216
213.0,0.0,3.9379414772727275
213.0,100.0,1.9337795979899497
213.0,200.0,1.8501395979899498
213.0,300.0,2.325487910798122
213.0,400.0,1.6912799731182797
213.0,500.0,1.7062376865671642
213.0,600.0,1.4279878571428573
213.0,700.0,3.4960097664543524
214.0,0.0,17.102832653061224
214.0,100.0,17.714616
214.0,200.0,15.767365094339622
214.0,300.0,17.632616393442625
214.0,400.0,16.099634920634923
214.0,500.0,17.110214457831326
214.0,600.0,19.965534782608696
214.0,700.0,14.836689230769231
215.0,0.0,11.753446428571428
215.0,100.0,5.323256151419558
215.0,200.0,2.7297722448979593
215.0,300.0,5.107196857142857
215.0,400.0,5.057934242424243
215.0,500.0,5.020365505226481
215.0,600.0,2.5637895104895105
215.0,700.0,7.798175111111111
217.0,0.0,1.404049180327869
217.0,100.0,6.313392857142857
217.0,200.0,0.6713734375
217.0,300.0,3.0839792207792205
217.0,400.0,1.90681875
217.0,500.0,0.003073
217.0,600.0,0.003367
217.0,700.0,0.003398529411764706
219.0,0.0,16.439346511627907
219.0,100.0,27.45481666666667
219.0,200.0,20.34673
219.0,300.0,20.2967
219.0,400.0,17.8752
219.0,500.0,16.29557
219.0,600.0,17.27265
219.0,700.0,18.39566153846154
220.0,200.0,12.258
223.0,0.0,12.257222077922078
223.0,100.0,12.470353393665158
223.0,200.0,13.064004016064256
223.0,300.0,12.11373422459893
223.0,400.0,5.361581389578164
223.0,500.0,10.016106606606606
223.0,600.0,4.964974845679012
223.0,700.0,10.55512507122507
224.0,0.0,6.161143162393162
224.0,100.0,7.718717647058823
224.0,200.0,10.623656880733945
224.0,300.0,12.806653773584905
224.0,400.0,13.72252857142857
224.0,500.0,9.671002521008404
224.0,600.0,13.730038461538461
224.0,700.0,16.06303958333333
225.0,500.0,1.9476000000000002
225.0,600.0,0.56955
226.0,0.0,4.803288643533123
226.0,100.0,8.861223220973784
226.0,200.0,6.595961486486487
226.0,300.0,7.943228813559322
226.0,400.0,7.751238056680163
226.0,500.0,7.023836999999999
226.0,600.0,9.150244565217392
226.0,700.0,10.56433625
227.0,0.0,8.112961904761905
227.0,100.0,9.261381512605041
227.0,200.0,8.96666976744186
227.0,300.0,8.4033198630137
227.0,400.0,5.37662706270627
227.0,500.0,2.1590786096256687
227.0,600.0,1.4975383928571429
227.0,700.0,3.952799671052632
228.0,0.0,25.08521524390244
228.0,100.0,31.882191064638786
228.0,200.0,37.57249298969072
228.0,300.0,35.68623030303031
228.0,400.0,29.68167740384615
228.0,500.0,34.98082735849057
228.0,600.0,30.661467422096315
228.0,700.0,29.916088367346937
232.0,0.0,13.162946451612903
232.0,100.0,19.638480519480517
232.0,200.0,23.13008913043478
232.0,300.0,12.025599124726478
232.0,400.0,14.052487965616045
232.0,500.0,11.95138524173028
232.0,600.0,13.297367460317462
232.0,700.0,9.133719571045576
233.0,0.0,12.780565217391302
233.0,100.0,16.75963181818182
233.0,200.0,8.825287769784172
233.0,300.0,7.469147340425532
233.0,400.0,3.9812928571428574
233.0,500.0,3.8137389972144846
233.0,600.0,5.4957521897810215
233.0,700.0,4.3677787878787875
234.0,0.0,15.384362311557789
234.0,100.0,5.418789780275932
234.0,200.0,9.252405404065444
234.0,300.0,14.670277769985974
234.0,400.0,13.032875
234.0,500.0,9.45913802725503
234.0,600.0,14.050846951219512
234.0,700.0,11.944184031413611
235.0,0.0,25.41907213740458
235.0,100.0,6.476531067961165
235.0,200.0,19.27683203285421
235.0,300.0,27.33165943877551
235.0,400.0,15.274581666666666
235.0,500.0,16.699471296296295
235.0,600.0,12.02876391184573
235.0,700.0,8.088547103274559
236.0,0.0,12.999686480075901
236.0,100.0,11.166434654407102
236.0,200.0,12.247253926701571
236.0,300.0,14.010111431316043
236.0,400.0,12.052738167938932
236.0,500.0,13.08159451901566
236.0,600.0,11.385059373640713
236.0,700.0,12.253578555555555
237.0,0.0,20.507485046728974
237.0,100.0,14.44725400696864
237.0,200.0,17.49968552036199
237.0,300.0,17.342054404145077
237.0,400.0,19.169369888475835
237.0,500.0,15.244454320987654
237.0,600.0,16.899310596026492
237.0,700.0,20.90321
238.0,0.0,28.77862424242424
238.0,100.0,14.61311285046729
238.0,200.0,18.653310955710957
238.0,300.0,16.671960188679247
238.0,400.0,17.4721576344086
238.0,500.0,22.215290070921984
238.0,600.0,20.334501199040766
238.0,700.0,12.024248600508907
239.0,0.0,14.440330188679244
239.0,100.0,12.205664161849713
239.0,200.0,12.070063276836157
239.0,300.0,23.421928571428573
239.0,400.0,14.425440601503759
239.0,500.0,17.06017154471545
239.0,600.0,9.156189664804469
239.0,700.0,12.494545641025642
240.0,0.0,10.918852551020409
240.0,100.0,16.89056146788991
240.0,200.0,19.74370364203954
240.0,300.0,24.530885490753914
240.0,400.0,15.808916805942431
240.0,500.0,15.724690580985916
240.0,600.0,26.751122727272726
240.0,700.0,20.93627161172161
241.0,0.0,11.433872727272727
241.0,100.0,15.08008148148148
241.0,200.0,8.695257971014493
241.0,300.0,13.5742625
241.0,400.0,12.638448076923076
241.0,500.0,13.29464827586207
241.0,600.0,13.4915
241.0,700.0,15.9705125
242.0,0.0,39.07710394736842
242.0,100.0,38.99852790697674
242.0,200.0,33.16368131313131
242.0,300.0,39.31032785714285
242.0,400.0,39.2928162601626
242.0,500.0,24.0623988
242.0,600.0,32.814603240740745
242.0,700.0,32.31606761904762
243.0,0.0,29.413200000000003
243.0,100.0,39.9007
243.0,200.0,27.527723076923078
243.0,300.0,33.944025
243.0,400.0,38.24005833333333
243.0,500.0,15.490203225806452
243.0,600.0,22.730854545454545
243.0,700.0,22.6958125
246.0,0.0,16.703131807228914
246.0,100.0,18.260317400881057
246.0,200.0,17.475435965598123
246.0,300.0,12.860447655172413
246.0,400.0,15.259209552238808
246.0,500.0,14.748122431865829
246.0,600.0,11.49515038033938
246.0,700.0,11.003161205564142
247.0,0.0,17.379786079545454
247.0,100.0,13.535796450428396
247.0,200.0,14.201652631578947
247.0,300.0,15.661766336633663
247.0,400.0,13.847008474576272
247.0,500.0,11.339418352059925
247.0,600.0,13.58279082278481
247.0,700.0,25.131047486033523
248.0,0.0,20.63476
248.0,100.0,10.504742105263158
248.0,200.0,0.8077346534653465
248.0,300.0,0.7879836538461539
248.0,400.0,0.9485420560747664
248.0,500.0,1.2261706214689265
248.0,600.0,0.45438584474885846
248.0,700.0,1.7637397350993378
249.0,0.0,7.822504982817869
249.0,100.0,11.375913676731795
249.0,200.0,14.26050730994152
249.0,300.0,11.963844902912621
249.0,400.0,9.81046656626506
249.0,500.0,10.735758513189449
249.0,600.0,12.980095278969957
249.0,700.0,6.2039476
250.0,0.0,9.170701041666666
250.0,100.0,17.643488372093024
250.0,200.0,14.641794623655914
250.0,300.0,12.483543621399177
250.0,400.0,11.434121453287197
250.0,500.0,23.118976842105262
250.0,600.0,24.20557444444444
250.0,700.0,14.17826011235955
251.0,0.0,9.279021103117506
251.0,100.0,9.671877079796264
251.0,200.0,9.434244444444445
251.0,300.0,10.589077999999999
251.0,400.0,16.615167213114756
251.0,500.0,12.280172443181819
251.0,600.0,13.59187084398977
251.0,700.0,13.059567005076142
252.0,0.0,20.67143275261324
252.0,100.0,18.603636093418256
252.0,200.0,19.002402803738317
252.0,300.0,25.821824203821656
252.0,400.0,25.778772979797978
252.0,500.0,27.7188323024055
252.0,600.0,33.10881302325581
252.0,700.0,31.67687958115183
253.0,0.0,15.316514285714286
253.0,100.0,22.186735416666664
253.0,200.0,8.06803581081081
253.0,300.0,10.258150917431191
253.0,400.0,16.587617
253.0,500.0,20.040314285714285
253.0,600.0,22.173028712871286
253.0,700.0,19.37229285714286
254.0,100.0,16.54255
255.0,0.0,1.9581
255.0,100.0,9.950264705882352
256.0,0.0,10.346
256.0,100.0,3.7897688679245283
256.0,200.0,19.47756842105263
256.0,300.0,5.777636231884058
256.0,400.0,25.349400000000003
256.0,500.0,19.5219375
256.0,600.0,4.205686666666667
256.0,700.0,0.196766
257.0,0.0,5.801415384615385
257.0,100.0,11.0818375
257.0,600.0,0.70602
258.0,100.0,13.97233125
258.0,200.0,10.096523529411764
258.0,300.0,1.7163565217391303
258.0,400.0,14.030406666666666
258.0,500.0,7.683654054054054
258.0,600.0,0.013093939393939392
258.0,700.0,0.01714435483870968
259.0,0.0,19.3948375
259.0,100.0,10.005743457943925
259.0,200.0,13.273791082802548
259.0,300.0,13.711596363636364
259.0,400.0,13.729192227979276
259.0,500.0,4.323714316239316
259.0,600.0,8.32124381443299
259.0,700.0,18.403626470588236
260.0,0.0,14.355323529411763
261.0,0.0,22.653775
261.0,100.0,30.54807
261.0,200.0,18.76889142857143
261.0,300.0,20.6825625
261.0,400.0,24.954971830985915
261.0,500.0,29.999809677419353
261.0,600.0,21.58462105263158
261.0,700.0,21.34213695652174
262.0,0.0,16.082202413793105
262.0,100.0,28.1346046875
262.0,200.0,22.484135103926096
262.0,300.0,33.520660616438356
262.0,400.0,23.581058723404254
262.0,500.0,21.525638543897216
262.0,600.0,19.969611789473685
262.0,700.0,24.27729140401146
263.0,0.0,32.30713695652174
263.0,100.0,39.7202347826087
263.0,200.0,38.474539880952385
263.0,300.0,35.902045283018865
263.0,400.0,38.55870169491525
263.0,500.0,27.87051885964912
263.0,600.0,34.202282474226806
263.0,700.0,29.91960932642487
264.0,0.0,23.243014285714285
264.0,200.0,18.680852
264.0,300.0,22.334642857142857
264.0,400.0,23.286807692307693
264.0,600.0,22.416636363636364
265.0,0.0,25.490399999999998
265.0,100.0,20.212333333333333
265.0,200.0,20.840733333333333
265.0,300.0,19.907333333333334
265.0,400.0,21.7407
265.0,500.0,25.713
265.0,600.0,22.4284
266.0,0.0,30.12057125
266.0,100.0,35.6727376146789
266.0,200.0,32.72363276595745
266.0,300.0,26.875371326164874
266.0,400.0,34.53254457364341
266.0,500.0,32.96020897435898
266.0,600.0,33.02336896551724
266.0,700.0,31.99261048034934
267.0,0.0,14.196575
267.0,100.0,14.625745454545454
267.0,200.0,20.11845
267.0,300.0,0.00015263157894736842
267.0,400.0,0.0
267.0,500.0,0.0
267.0,600.0,1.4589663636363637
267.0,700.0,0.0
268.0,0.0,10.464898884239888
268.0,100.0,12.293883303411132
268.0,200.0,13.776815105386417
268.0,300.0,11.532487235915493
268.0,400.0,11.303231330472103
268.0,500.0,10.078300483481064
268.0,600.0,11.793949403747872
268.0,700.0,13.716434196185286
269.0,0.0,3.7084400000000004
269.0,100.0,0.0
269.0,200.0,4.179875438596491
269.0,300.0,1.6104647826086957
269.0,400.0,1.2736485530546624
269.0,500.0,0.8161305555555556
269.0,600.0,2.339472200772201
269.0,700.0,0.0
270.0,0.0,7.365941379310345
270.0,100.0,4.729333757961784
270.0,200.0,2.827360082304527
270.0,300.0,8.213875974025974
270.0,400.0,5.7526359605911335
270.0,500.0,4.275712068965517
270.0,600.0,7.195898214285714
270.0,700.0,5.6879641509433965
271.0,0.0,0.49079047619047617
271.0,200.0,8.257200000000001
271.0,300.0,16.574766666666665
271.0,500.0,15.473066666666668
271.0,600.0,7.856922222222222
272.0,0.0,16.998890909090907
272.0,200.0,17.4654
272.0,600.0,12.749886666666667
273.0,0.0,7.912953571428572
273.0,100.0,11.217610344827586
273.0,200.0,0.9957094827586207
273.0,300.0,2.8519612068965516
273.0,400.0,0.0
273.0,500.0,0.0
273.0,600.0,0.0
273.0,700.0,0.0
274.0,0.0,23.459385714285713
274.0,100.0,24.80847671232877
274.0,200.0,24.821702173913042
274.0,300.0,27.947697916666666
274.0,400.0,11.954553191489362
274.0,500.0,12.482201041666668
274.0,600.0,11.602860085836909
274.0,700.0,8.914029896907216
275.0,0.0,13.93744896373057
275.0,100.0,10.65626332046332
275.0,200.0,12.758122140221403
275.0,300.0,10.363083916083916
275.0,400.0,11.784089158576052
275.0,500.0,9.931847732181424
275.0,600.0,12.085364480874317
275.0,700.0,8.254628271405492
276.0,0.0,21.14853888888889
276.0,100.0,23.448845
276.0,200.0,22.049246153846152
276.0,300.0,25.544375
276.0,400.0,25.844261904761908
276.0,500.0,22.439370967741937
276.0,600.0,19.43150357142857
276.0,700.0,20.968595
277.0,0.0,17.394649593495934
277.0,100.0,16.73276426174497
277.0,200.0,15.638073021582732
277.0,300.0,17.173363488843812
277.0,400.0,15.865232894736842
277.0,500.0,19.33777228381375
277.0,600.0,22.981356896551723
277.0,700.0,18.566174517374517
278.0,100.0,14.43583125
278.0,300.0,18.048007692307692
279.0,0.0,4.432479854368932
279.0,100.0,2.391734843205575
279.0,200.0,1.9970828048780487
279.0,300.0,3.288225036603221
279.0,400.0,3.4379250636132315
279.0,500.0,2.45336515323496
279.0,600.0,2.9158953488372092
279.0,700.0,3.305589285714286
280.0,500.0,3.959214285714286
280.0,600.0,9.64875
280.0,700.0,0.0017555555555555556
281.0,0.0,9.855791434689507
281.0,100.0,9.678316962843295
281.0,200.0,7.981418282988871
281.0,300.0,7.966487748344371
281.0,400.0,8.47098542635659
281.0,500.0,8.188460834454911
281.0,600.0,8.814583143219265
281.0,700.0,6.982584060721063
282.0,0.0,2.511797522123894
282.0,100.0,3.3312012941176468
282.0,200.0,4.364498218527316
282.0,300.0,3.033275359539789
282.0,400.0,1.9074854087089381
282.0,500.0,1.5228560303893637
282.0,600.0,2.274226996966633
282.0,700.0,3.2511510204081633
283.0,0.0,0.3347
284.0,0.0,10.122111602209944
284.0,100.0,10.022227699530516
284.0,200.0,13.766998130841122
284.0,300.0,13.566248837209303
284.0,400.0,11.840517708333332
284.0,500.0,10.023426562500001
284.0,600.0,19.750823214285713
284.0,700.0,16.213967469879517
287.0,0.0,9.64787150997151
287.0,100.0,5.745811159737418
287.0,200.0,10.542729959514169
287.0,300.0,10.033985978835979
287.0,400.0,8.229982229965156
287.0,500.0,9.908710714285714
287.0,600.0,9.578304504504505
287.0,700.0,10.47457614213198
288.0,0.0,11.87238288973384
288.0,100.0,14.358276666666667
288.0,200.0,12.519035892116182
288.0,300.0,12.982667910447763
288.0,400.0,10.976447534516765
288.0,500.0,8.67109550072569
288.0,600.0,6.2491508052708635
288.0,700.0,9.995226734693878
289.0,0.0,12.15013404255319
289.0,100.0,7.544815416666666
289.0,200.0,6.793938308457712
289.0,300.0,6.7417591160220995
289.0,400.0,6.128455087719298
289.0,500.0,4.245305755395684
289.0,600.0,5.147735526315789
289.0,700.0,6.328016161616162
292.0,700.0,9.000233333333332
295.0,0.0,15.879910975609757
295.0,100.0,11.109251006711409
295.0,200.0,11.415475982532751
295.0,300.0,8.979821794871794
295.0,400.0,10.15960552486188
295.0,500.0,11.252718396226417
295.0,600.0,10.786184210526315
295.0,700.0,13.603234126984127
296.0,200.0,8.874760869565216
296.0,300.0,5.742703225806451
296.0,600.0,10.617875
296.0,700.0,13.171075
297.0,500.0,0.18788
297.0,600.0,3.54263
298.0,0.0,19.777209090909093
298.0,100.0,6.306764102564102
298.0,200.0,7.0228399999999995
298.0,300.0,8.67608
298.0,400.0,3.166441111111111
298.0,500.0,2.0676256880733948
298.0,600.0,1.6718387559808614
298.0,700.0,1.6955757281553396
300.0,700.0,11.22365
301.0,0.0,12.0353125
301.0,100.0,4.91543888888889
301.0,200.0,4.484255555555555
301.0,300.0,5.614092156862744
301.0,400.0,5.487344230769231
301.0,500.0,4.029159090909091
301.0,600.0,2.685952525252525
301.0,700.0,7.712139285714286
302.0,0.0,12.190749484536083
302.0,100.0,8.620477435064934
302.0,200.0,9.188563725490196
302.0,300.0,11.980897894736843
302.0,400.0,7.873525867507887
302.0,500.0,7.540495252679939
302.0,600.0,10.799025613079019
302.0,700.0,13.26820922509225
303.0,0.0,5.876755384615385
303.0,100.0,6.1255566037735845
303.0,200.0,5.2188497991967875
303.0,300.0,6.465454782608695
303.0,400.0,8.3043589958159
303.0,500.0,13.012258333333333
303.0,600.0,5.679176165803108
303.0,700.0,5.054347150259067
304.0,0.0,11.584793333333332
304.0,200.0,4.607324242424242
304.0,600.0,6.91172
304.0,700.0,3.673966666666667
305.0,0.0,20.150591588785048
305.0,100.0,16.402266153846156
305.0,200.0,17.160489285714284
305.0,300.0,13.024131914893616
305.0,400.0,3.990303597122302
305.0,500.0,6.925015635179153
305.0,600.0,5.54041977077364
305.0,700.0,7.880522857142858
306.0,0.0,7.282280270574971
306.0,100.0,7.874922222222223
306.0,200.0,6.917896777777778
306.0,300.0,6.178942575107296
306.0,400.0,7.4291333984375
306.0,500.0,5.732702315789474
306.0,600.0,5.526531631205674
306.0,700.0,5.772237127071823
307.0,0.0,22.141232773109245
307.0,100.0,25.348404191616766
307.0,200.0,22.334102142857144
307.0,300.0,25.735939869281047
307.0,400.0,30.089825
307.0,500.0,27.267852694610777
307.0,600.0,20.389348085106384
307.0,700.0,27.693781521739133
308.0,0.0,5.30786544117647
308.0,100.0,20.25507906976744
308.0,200.0,20.584020000000002
308.0,300.0,8.875807843137254
308.0,400.0,7.112976470588235
308.0,500.0,21.79595714285714
309.0,0.0,6.906145154639175
309.0,100.0,5.825936355311355
309.0,200.0,8.17750013888889
309.0,300.0,6.803661708860759
309.0,400.0,5.585172847682118
309.0,500.0,4.311979812695109
309.0,600.0,5.153926623376623
309.0,700.0,7.2511132616487455
310.0,0.0,6.5154261584454405
310.0,100.0,4.793192840646651
310.0,200.0,6.693738888888889
310.0,300.0,8.255477056277057
310.0,400.0,6.8854300275482085
310.0,500.0,6.21575134529148
310.0,600.0,1.995887029288703
310.0,700.0,5.36966028708134
311.0,0.0,19.859839943342777
311.0,100.0,12.481686472602739
311.0,200.0,16.406440416666666
311.0,300.0,15.495141509433962
311.0,400.0,18.11826515957447
311.0,500.0,15.590429853479854
311.0,600.0,15.694912296564196
311.0,700.0,9.85323811881188
314.0,0.0,18.617953846153846
314.0,100.0,15.232726136363636
314.0,200.0,19.36286976744186
314.0,300.0,17.983208974358973
314.0,400.0,20.30922705882353
314.0,500.0,21.10713950617284
314.0,600.0,17.677212844036696
314.0,700.0,15.242541379310346
315.0,0.0,36.08114833333333
315.0,100.0,34.29010893854749
315.0,200.0,36.5326592178771
315.0,300.0,35.005379166666664
315.0,400.0,37.15998849557522
315.0,500.0,36.59341347517731
315.0,600.0,34.46753076923077
315.0,700.0,25.253589699570817
316.0,0.0,13.63303274853801
316.0,100.0,17.416795710455762
316.0,200.0,10.71598581436077
316.0,300.0,10.982479335793357
316.0,400.0,15.407907460035526
316.0,500.0,13.990151391465677
316.0,600.0,13.438060154241644
316.0,700.0,24.801974285714287
317.0,0.0,0.025635915492957746
317.0,100.0,0.10911457564575645
317.0,200.0,0.1000140589569161
317.0,300.0,0.13126737288135593
317.0,400.0,0.12046938775510205
317.0,500.0,1.5825975881261596
317.0,600.0,1.4674231433506046
317.0,700.0,0.0
318.0,0.0,16.736774074074074
318.0,100.0,19.32411227897839
318.0,200.0,20.429687209302326
318.0,300.0,21.33904713375796
318.0,400.0,26.77334238178634
318.0,500.0,15.526510175763184
318.0,600.0,13.774793371522096
318.0,700.0,14.727836348122867
319.0,0.0,1.1803121212121213
319.0,100.0,2.1902933333333334
319.0,200.0,1.6354486725663717
319.0,300.0,1.7838582222222221
319.0,400.0,10.522772881355932
319.0,500.0,4.259071844660194
319.0,600.0,3.813626582278481
319.0,700.0,1.7327408163265308
320.0,0.0,38.3853766025641
320.0,100.0,43.30005548902196
320.0,200.0,41.65518111332008
320.0,300.0,42.22245772811918
320.0,400.0,45.03411003717472
320.0,500.0,34.446868463302756
320.0,600.0,33.69310597826087
320.0,700.0,45.26201598173516
321.0,0.0,8.743625
321.0,100.0,23.241579591836736
321.0,200.0,10.139277647058824
321.0,300.0,25.49244090909091
321.0,400.0,22.563242528735632
321.0,500.0,24.346073333333333
321.0,600.0,21.282825714285714
321.0,700.0,29.98655
322.0,0.0,1.1376285714285714
323.0,0.0,4.104136764705882
323.0,100.0,2.935180165289256
323.0,200.0,0.0
323.0,300.0,2.9952418803418803
323.0,400.0,0.0
323.0,500.0,0.0
323.0,600.0,0.0
323.0,700.0,0.7004395061728395
324.0,0.0,0.838128947368421
324.0,100.0,0.0
324.0,200.0,4.17555038167939
324.0,300.0,1.7027972727272729
324.0,400.0,1.651308256880734
324.0,500.0,1.6326236363636362
324.0,600.0,1.3963638095238096
324.0,700.0,2.3489285714285715
326.0,0.0,19.242002272727273
326.0,100.0,29.090442857142857
326.0,200.0,31.42766393442623
326.0,300.0,27.026869736842105
326.0,400.0,27.168051428571427
326.0,500.0,23.692991011235954
326.0,600.0,19.595331967213117
326.0,700.0,19.714435616438358
327.0,0.0,27.319149999999997
327.0,100.0,15.503250724637683
327.0,200.0,11.610193636363636
327.0,300.0,17.561990769230768
327.0,400.0,9.960058823529412
327.0,500.0,4.779870967741935
327.0,600.0,6.518199107142857
327.0,700.0,17.985958823529412
328.0,0.0,11.257763248847926
328.0,100.0,14.780067723004695
328.0,200.0,17.43007267950963
328.0,300.0,13.298916191709845
328.0,400.0,10.482613623462631
328.0,500.0,10.62544499136442
328.0,600.0,8.687660331125828
328.0,700.0,12.535239027982326
330.0,0.0,2.032457142857143
330.0,100.0,0.0
330.0,200.0,0.0
330.0,300.0,0.0
330.0,400.0,0.0
330.0,500.0,0.655966935483871
330.0,600.0,1.0751428571428572
330.0,700.0,0.0005265625
331.0,0.0,1.204221875
331.0,200.0,4.1623
331.0,500.0,1.06618
331.0,600.0,0.7025266666666667
331.0,700.0,0.0015800000000000002
332.0,0.0,7.623641032608695
332.0,100.0,7.5454842105263165
332.0,200.0,14.950715625
332.0,300.0,10.98822062937063
332.0,400.0,6.343561538461538
332.0,500.0,8.94464739884393
332.0,600.0,14.836248684210528
332.0,700.0,6.8335035714285715
334.0,0.0,5.314358520179372
334.0,100.0,7.018351315789474
334.0,200.0,8.36813963963964
334.0,300.0,6.021950217391304
334.0,400.0,4.480240959409594
334.0,500.0,5.990297358490566
334.0,600.0,6.542765891472868
334.0,700.0,7.226078378378378
336.0,200.0,7.033088888888888
336.0,600.0,2.6166619047619046
336.0,700.0,0.8330194029850746
337.0,0.0,8.965113793103448
337.0,100.0,6.417890873015874
337.0,200.0,8.446609623430962
337.0,300.0,12.579178472222221
337.0,400.0,10.048468524590165
337.0,500.0,9.697010638297872
337.0,600.0,10.120565064102564
337.0,700.0,6.08215359116022
338.0,0.0,0.7603316666666667
338.0,100.0,3.35115
338.0,200.0,9.10298846153846
338.0,300.0,0.9818291262135922
338.0,400.0,1.920909589041096
338.0,500.0,1.05362
338.0,600.0,0.7075349397590361
338.0,700.0,0.0
339.0,0.0,5.9019200000000005
339.0,100.0,4.937677358490565
339.0,400.0,1.5904360655737704
339.0,500.0,17.874242857142857
339.0,600.0,3.6371650793650794
341.0,0.0,0.7347762376237624
341.0,100.0,3.402214864864865
341.0,200.0,5.4859875
341.0,300.0,2.0797415841584157
341.0,400.0,2.50415
341.0,500.0,2.7993656000000002
341.0,600.0,1.3903032258064516
341.0,700.0,1.6394903225806454
343.0,0.0,5.277871352074967
343.0,100.0,7.377287400681044
343.0,200.0,5.584782822757112
343.0,300.0,3.7288619238476954
343.0,400.0,5.285956517509728
343.0,500.0,3.9309801418439716
343.0,600.0,3.9398933333333335
343.0,700.0,2.479788116591928
344.0,0.0,8.9733914893617
344.0,100.0,8.61686193548387
344.0,200.0,6.807298916967508
344.0,300.0,9.7251452991453
344.0,400.0,5.926876842105264
344.0,500.0,6.676762173913043
344.0,600.0,6.323890825688073
344.0,700.0,9.411155421686747
345.0,0.0,4.6235124999999995
345.0,100.0,3.3343746701846966
345.0,200.0,2.773438653366583
345.0,300.0,3.6638834625323
345.0,400.0,3.336845714285714
345.0,500.0,2.6112604863221884
345.0,600.0,3.2592422976501307
345.0,700.0,9.228280756013746
346.0,500.0,15.3626
346.0,600.0,1.4855732673267328
347.0,0.0,7.781942682926829
347.0,100.0,10.502476379690949
347.0,200.0,9.39319
347.0,300.0,15.203701687763713
347.0,400.0,10.113573913043478
347.0,500.0,13.075573134328359
347.0,600.0,10.416765577342048
347.0,700.0,13.455200000000001
348.0,0.0,24.14317757009346
348.0,100.0,15.839994086021504
348.0,200.0,15.945799497487437
348.0,300.0,37.827559550561794
348.0,400.0,15.630361231884057
348.0,500.0,17.487114232209738
348.0,600.0,15.02003380952381
348.0,700.0,2.9678897435897436
349.0,0.0,0.9236985294117648
349.0,100.0,4.218015
349.0,200.0,8.676351824817518
349.0,300.0,17.94269298245614
349.0,400.0,11.073286274509805
349.0,500.0,4.718911267605634
349.0,600.0,8.724744537815125
349.0,700.0,2.8546864197530866
350.0,0.0,32.38321931818182
350.0,100.0,36.83246767676768
350.0,200.0,33.24021236263736
350.0,300.0,39.82253823529412
350.0,400.0,36.262460683760686
350.0,500.0,30.345247094801223
350.0,600.0,31.210499588477365
350.0,700.0,30.888151910828025
351.0,0.0,1.2779166666666666
351.0,100.0,1.768024358974359
351.0,200.0,1.1811704545454544
351.0,400.0,2.605421739130435
351.0,500.0,1.9818214814814816
351.0,600.0,17.78845
351.0,700.0,0.5660931034482758
352.0,0.0,6.219260537190083
352.0,100.0,3.138375502512563
352.0,200.0,2.5755821480406387
352.0,300.0,3.94868674556213
352.0,400.0,3.9682309988518947
352.0,500.0,6.188382712369598
352.0,600.0,4.5116745762711865
352.0,700.0,1.2380036163522012
353.0,100.0,12.447742857142858
353.0,300.0,11.316933333333333
353.0,600.0,12.53795
354.0,0.0,4.234901226993865
354.0,100.0,5.957577876106194
354.0,200.0,4.715066193181818
354.0,300.0,8.42299549180328
354.0,400.0,5.168118238993711
354.0,500.0,17.718461165048545
354.0,600.0,7.742661309523809
354.0,700.0,1.3154446043165469
355.0,0.0,31.274459999999998
355.0,100.0,25.463871428571426
355.0,200.0,31.34474
355.0,300.0,27.83975714285714
355.0,400.0,33.9262125
355.0,500.0,24.57712
355.0,600.0,27.357260000000004
355.0,700.0,29.074006666666666
356.0,0.0,22.144742105263155
356.0,100.0,16.90390076335878
356.0,200.0,13.909616666666667
356.0,300.0,4.229218803418804
356.0,400.0,2.996095795795796
356.0,500.0,8.579941734417345
356.0,600.0,5.797517897727273
356.0,700.0,8.750689417989419
357.0,0.0,27.0634
357.0,100.0,15.513155555555556
357.0,200.0,20.350755102040818
357.0,300.0,26.453663636363636
357.0,400.0,20.29939285714286
357.0,500.0,14.218358536585367
357.0,600.0,3.0849843537414965
357.0,700.0,7.688564625850341
358.0,0.0,8.355620671834625
358.0,100.0,5.211081135371179
358.0,200.0,6.9943569842738205
358.0,300.0,6.967934517766497
358.0,400.0,11.691708547008547
358.0,500.0,10.025621148036254
358.0,600.0,6.097855313588851
358.0,700.0,3.7337805147058822
359.0,0.0,11.084000833333333
359.0,100.0,9.77479600886918
359.0,200.0,10.444434567901235
359.0,300.0,19.1724931372549
359.0,400.0,11.190771088435374
359.0,500.0,15.326430693069307
359.0,600.0,11.006805633802816
359.0,700.0,14.108445283018868
360.0,0.0,22.309484880636603
360.0,100.0,32.309794883720926
360.0,200.0,26.593310233918128
360.0,300.0,31.544168707482992
360.0,400.0,26.74131390728477
360.0,500.0,25.60001204379562
360.0,600.0,24.121624324324326
360.0,700.0,16.449987283236993
361.0,0.0,9.33771304347826
361.0,100.0,5.613784765625
361.0,200.0,11.661222222222223
361.0,300.0,21.662087058823527
361.0,400.0,7.245404721030043
361.0,500.0,12.361973214285713
361.0,600.0,14.536966346153845
361.0,700.0,6.919980769230769
362.0,0.0,1.2962893617021278
362.0,100.0,3.3447774999999997
362.0,200.0,3.170616129032258
362.0,300.0,2.860561111111111
362.0,400.0,3.4482119565217393
362.0,500.0,1.875466153846154
362.0,600.0,2.595718333333333
362.0,700.0,2.6910758620689657
363.0,0.0,5.482364375
363.0,100.0,3.5809269058295965
363.0,200.0,4.522527154046998
363.0,300.0,2.702357510729614
363.0,400.0,5.226177121771218
363.0,500.0,5.466675062972292
363.0,600.0,3.5752248953974894
363.0,700.0,2.1048946308724834
364.0,0.0,28.0094
364.0,100.0,20.36785
364.0,200.0,30.41696
364.0,300.0,24.8477
364.0,500.0,27.084200000000003
364.0,700.0,21.5083
365.0,0.0,18.324870085470085
365.0,100.0,11.163436686390533
365.0,200.0,18.061608235294116
365.0,300.0,23.763235779816515
365.0,400.0,17.8883890625
365.0,500.0,24.382064
365.0,600.0,24.801671428571428
365.0,700.0,16.8005475
366.0,200.0,17.978324999999998
366.0,300.0,19.2634
366.0,600.0,17.543675
367.0,0.0,4.218745933014354
367.0,100.0,16.126380952380952
367.0,200.0,3.589770469798658
367.0,300.0,3.281649295774648
367.0,400.0,5.6034805128205125
367.0,500.0,3.8688777777777776
367.0,600.0,7.309380113636364
367.0,700.0,8.21104090909091
368.0,0.0,21.38717857142857
368.0,100.0,18.323879166666668
368.0,200.0,19.590932258064516
368.0,300.0,23.87773333333333
368.0,400.0,21.72769333333333
368.0,500.0,24.323988888888888
368.0,600.0,26.869505263157894
368.0,700.0,21.339677272727272
369.0,0.0,6.566553373313343
369.0,100.0,4.34463189233279
369.0,200.0,3.5178678321678323
369.0,300.0,3.5246573482428114
369.0,400.0,4.454607700892857
369.0,500.0,3.8093371057513914
369.0,600.0,5.5253071744907
369.0,700.0,2.305685044642857
370.0,100.0,30.450117647058825
370.0,200.0,22.39657083333333
370.0,300.0,21.980962962962963
370.0,400.0,23.24313125
370.0,500.0,23.284975675675675
370.0,600.0,22.317307500000002
372.0,0.0,36.407466917293235
372.0,100.0,35.253799393939396
372.0,200.0,29.339905447470816
372.0,300.0,35.296500531914894
372.0,400.0,35.272382553191484
372.0,500.0,33.19264429065744
372.0,600.0,31.00808922413793
372.0,700.0,35.52014871794872
373.0,0.0,22.10881724137931
373.0,100.0,22.176907142857143
373.0,200.0,22.829444444444444
373.0,300.0,20.30918205128205
373.0,400.0,24.846730434782607
373.0,500.0,20.342299999999998
373.0,600.0,24.333335294117646
373.0,700.0,17.223970454545455
374.0,100.0,14.568644444444443
374.0,600.0,11.686145454545454
374.0,700.0,16.622474999999998
375.0,0.0,20.081812903225806
375.0,100.0,26.226980645161287
375.0,200.0,25.18276956521739
375.0,300.0,29.444433333333336
375.0,400.0,7.7249221052631585
375.0,500.0,29.825923684210526
375.0,600.0,19.740524242424243
375.0,700.0,31.37953
376.0,0.0,4.667769696969697
376.0,100.0,6.240116666666666
376.0,200.0,11.228260714285714
376.0,300.0,5.3752176470588235
376.0,400.0,3.772857142857143
376.0,500.0,3.6973000000000003
376.0,600.0,4.670951515151515
376.0,700.0,13.400033333333333
377.0,0.0,19.362843409629047
377.0,100.0,14.93716027833002
377.0,200.0,16.87527759423973
377.0,300.0,23.3828954494382
377.0,400.0,23.91424672737621
377.0,500.0,25.016281408596583
377.0,600.0,18.53137906793049
377.0,700.0,13.984018635170603
378.0,100.0,3.6476086538461536
378.0,200.0,1.2558802325581395
378.0,300.0,1.655506153846154
378.0,600.0,8.670883783783784
378.0,700.0,0.977565909090909
379.0,0.0,8.875737228714524
379.0,100.0,7.934884497206704
379.0,200.0,10.377912314709235
379.0,300.0,10.608773690773068
379.0,400.0,7.046834734734735
379.0,500.0,7.921323789907312
379.0,600.0,8.0321264171123
379.0,700.0,10.787913754045308
380.0,0.0,11.487295652173914
380.0,100.0,22.617953333333332
380.0,200.0,26.3533
380.0,300.0,23.57298
380.0,400.0,28.71096875
380.0,500.0,23.659850000000002
380.0,600.0,21.67012380952381
380.0,700.0,5.63076170212766
381.0,0.0,7.799547685185185
381.0,100.0,4.321535138888889
381.0,200.0,4.380969918699187
381.0,300.0,9.172424999999999
381.0,400.0,6.029262664714494
381.0,500.0,5.122533192090395
381.0,600.0,5.274191221374045
381.0,700.0,5.631213744075829
382.0,0.0,1.364061142857143
382.0,100.0,1.2226162079510703
382.0,200.0,2.556412
382.0,300.0,1.0998840236686391
382.0,400.0,1.2229159362549802
382.0,500.0,1.454280701754386
382.0,600.0,1.0845753846153845
382.0,700.0,1.310385576923077
383.0,0.0,5.308688953488372
383.0,100.0,5.017130434782609
383.0,200.0,7.0158503355704696
383.0,300.0,10.822733333333334
383.0,400.0,7.717959585492228
383.0,500.0,9.90943431372549
383.0,600.0,6.878212598425197
383.0,700.0,3.1581675126903552
384.0,0.0,4.452712075471697
384.0,100.0,4.245676991150442
384.0,200.0,4.449984615384615
384.0,300.0,3.84624019138756
384.0,400.0,5.398467704280155
384.0,500.0,3.5633920972644377
384.0,600.0,2.4037079777365493
384.0,700.0,16.25864239130435
385.0,0.0,11.13396380952381
385.0,100.0,10.339448414376323
385.0,200.0,9.596604687500001
385.0,300.0,7.886802515723271
385.0,400.0,8.378009677419355
385.0,500.0,9.253356987295826
385.0,600.0,9.819758275862068
385.0,700.0,8.268420564516129
386.0,700.0,5.40908
387.0,500.0,3.1001666666666665
388.0,0.0,24.43628640776699
388.0,100.0,22.479387949260044
388.0,200.0,20.474445405405405
388.0,300.0,22.930806490384615
388.0,400.0,11.642224236037933
388.0,500.0,11.589323522853958
388.0,600.0,7.992169611891
388.0,700.0,19.482366367713002
389.0,0.0,20.412042424242426
389.0,100.0,20.908857894736844
389.0,200.0,24.692504545454543
389.0,300.0,21.39228064516129
389.0,400.0,25.7818625
389.0,500.0,16.95056888888889
389.0,600.0,10.359981481481482
389.0,700.0,23.099139285714283
390.0,700.0,35.91417142857143
391.0,0.0,22.215179999999997
391.0,100.0,21.9130125
391.0,200.0,26.524055555555556
391.0,300.0,21.80484
391.0,400.0,22.193513043478262
391.0,500.0,25.34136
391.0,600.0,21.666445454545453
391.0,700.0,20.679266666666667
392.0,0.0,25.877115789473685
392.0,100.0,20.471389325842697
392.0,200.0,21.473653658536584
392.0,300.0,23.794671264367814
392.0,400.0,14.453264912280702
392.0,500.0,9.769885233160622
392.0,600.0,21.261348387096774
392.0,700.0,29.83898
393.0,0.0,6.793917667844522
393.0,100.0,11.34235497925311
393.0,200.0,9.285243392857142
393.0,300.0,8.160571836734693
393.0,400.0,12.708276284584981
393.0,500.0,7.841308487084871
393.0,600.0,6.014186543209877
393.0,700.0,12.460306751054853
394.0,0.0,19.4830075
394.0,100.0,23.485387012987015
394.0,200.0,17.78497878787879
394.0,300.0,10.770652631578947
394.0,400.0,20.811029166666668
394.0,500.0,26.400302777777778
394.0,600.0,23.1405171875
394.0,700.0,17.679761111111112
395.0,0.0,32.46764025974026
395.0,100.0,32.844327906976744
395.0,200.0,35.640709375
395.0,300.0,29.78667
395.0,400.0,29.896134351145037
395.0,500.0,24.689163978494626
395.0,600.0,22.2257738317757
395.0,700.0,32.87704074074074
396.0,0.0,18.693054166666666
396.0,100.0,4.298918032786885
396.0,200.0,12.080436363636364
396.0,300.0,5.4259545454545455
396.0,400.0,5.2240142857142855
396.0,500.0,1.325198148148148
396.0,600.0,1.3412345132743362
396.0,700.0,0.5584060975609757
398.0,0.0,8.63287794117647
398.0,100.0,10.565907432432432
398.0,200.0,12.574063636363636
398.0,300.0,10.007470967741936
398.0,400.0,9.725515957446808
398.0,500.0,11.23538775510204
398.0,600.0,7.0004032
398.0,700.0,5.976058064516129
399.0,0.0,0.5304906976744186
399.0,100.0,1.6375504201680673
399.0,200.0,3.2303713333333333
399.0,300.0,13.127341025641025
400.0,0.0,29.67132121212121
400.0,100.0,27.48523010752688
400.0,200.0,29.186226865671642
400.0,300.0,26.38725802469136
400.0,400.0,16.695095714285713
400.0,500.0,14.104505917159765
400.0,600.0,9.006924827586207
400.0,700.0,21.155681944444446
401.0,300.0,33.13505
403.0,0.0,12.7431009960868
403.0,100.0,16.04056368286445
403.0,200.0,16.183766020671836
403.0,300.0,13.98188095890411
403.0,400.0,17.45994708276798
403.0,500.0,14.706439566704676
403.0,600.0,14.434182581453635
403.0,700.0,9.573214104193138
405.0,0.0,8.476784879725086
405.0,100.0,14.824694582392775
405.0,200.0,11.350831729323309
405.0,300.0,13.266386657681942
405.0,400.0,10.014655466666667
405.0,500.0,12.522749537037036
405.0,600.0,10.440490169902914
405.0,700.0,16.66939193548387
406.0,0.0,37.09942222222222
406.0,300.0,27.42355
406.0,400.0,39.75855
406.0,700.0,28.773266666666668
407.0,100.0,2.5771
410.0,100.0,0.2987
411.0,0.0,31.851606060606063
411.0,100.0,19.15639344262295
411.0,200.0,6.796392592592592
411.0,300.0,3.79132576419214
411.0,400.0,4.172576211453745
411.0,500.0,7.704645508982035
411.0,600.0,6.499174796747967
411.0,700.0,10.878923387096775
412.0,0.0,7.281641085271318
412.0,100.0,5.421908566721582
412.0,200.0,5.766625040387722
412.0,300.0,6.181701017441861
412.0,400.0,6.567363862332696
412.0,500.0,4.290941142020499
412.0,600.0,5.382959509202453
412.0,700.0,5.891249227373069
413.0,0.0,18.34200396039604
413.0,100.0,16.62095769230769
413.0,200.0,6.787588498402555
413.0,300.0,11.292268932038835
413.0,400.0,16.571596319018404
413.0,500.0,11.307298918918919
413.0,600.0,9.958239414414415
413.0,700.0,12.143472236503856
414.0,0.0,8.965029652042361
414.0,100.0,10.000769705469844
414.0,200.0,9.773516172506739
414.0,300.0,8.498906772908368
414.0,400.0,7.166332780612246
414.0,500.0,12.017297222222222
414.0,600.0,14.898549999999998
414.0,700.0,14.416755555555554
415.0,0.0,13.34139132947977
415.0,100.0,25.092178350515464
415.0,200.0,24.37457227722772
415.0,300.0,18.628050467289718
415.0,400.0,24.661527777777778
415.0,500.0,21.948107368421052
415.0,600.0,15.26604262295082
415.0,700.0,14.749139889196677
416.0,0.0,18.405705555555556
416.0,100.0,21.5233
416.0,200.0,28.667571428571428
416.0,300.0,32.047
416.0,400.0,9.592657142857144
416.0,500.0,14.147454054054053
416.0,600.0,11.08415
416.0,700.0,29.20506153846154
417.0,0.0,15.703115306122449
417.0,100.0,7.778319607843138
417.0,200.0,8.73629090909091
417.0,300.0,8.687993625498008
417.0,400.0,4.179163020833333
417.0,500.0,5.272262857142857
417.0,600.0,5.341978235294118
417.0,700.0,3.422017142857143
419.0,100.0,20.9048
419.0,400.0,22.0608
420.0,0.0,12.5472
420.0,100.0,23.8676
420.0,200.0,13.7761
420.0,400.0,20.488833333333336
420.0,500.0,23.417749999999998
421.0,0.0,22.55477809187279
421.0,100.0,30.039806714628295
421.0,200.0,24.87086675191816
421.0,300.0,20.87987795823666
421.0,400.0,22.817033720930233
421.0,500.0,28.617156532663316
421.0,600.0,26.31835529865125
421.0,700.0,32.86489855072464
424.0,100.0,1.126109090909091
424.0,200.0,2.8517966666666665
424.0,300.0,1.6874975609756098
424.0,400.0,0.0
424.0,500.0,2.687776
425.0,0.0,4.60876
425.0,300.0,2.2422750000000002
425.0,400.0,1.6208514285714284
425.0,500.0,0.9260499999999999
425.0,600.0,0.27771063829787235
425.0,700.0,0.09451917808219179
426.0,100.0,27.290850000000002
426.0,200.0,24.019057142857143
426.0,400.0,20.80542
